[Window][Debug##Default]
Pos=59,212
Size=216,53
Collapsed=0

[Window][Dear ImGui Demo]
Pos=751,49
Size=479,436
Collapsed=0

[Window][Dear ImGui Metrics/Debugger]
Pos=147,169
Size=387,383
Collapsed=0

[Window][Left Pane]
Collapsed=0
DockId=0x00000001

[Window][Right Pane]
Collapsed=0
DockId=0x00000004

[Window][Box Pane]
Collapsed=0
DockId=0x00000006

[Window][Dock Window]
Pos=0,0
Size=1280,720
Collapsed=0

[Window][About Dear ImGui]
Pos=551,19
Size=1307,108
Collapsed=0
DockId=0x00000007,0

[Docking][Data]
DockSpace         ID=0xE7BE6FA4 Window=0x37A2E124 Pos=0,19 Size=1280,701 Split=Y
  DockNode        ID=0x00000007 Parent=0xE7BE6FA4 SizeRef=1858,108 HiddenTabBar=1 Selected=0x34B4C494
  DockNode        ID=0x00000008 Parent=0xE7BE6FA4 SizeRef=1858,929 Split=X
    DockNode      ID=0x00000001 Parent=0x00000008 SizeRef=383,720
    DockNode      ID=0x00000002 Parent=0x00000008 SizeRef=895,720 Split=X
      DockNode    ID=0x00000003 Parent=0x00000002 SizeRef=491,720 Split=Y
        DockNode  ID=0x00000005 Parent=0x00000003 SizeRef=491,574 CentralNode=1
        DockNode  ID=0x00000006 Parent=0x00000003 SizeRef=491,144
      DockNode    ID=0x00000004 Parent=0x00000002 SizeRef=402,720

[Other settings][]
Color=0.142000,0.075000,0.147000
Zoom=3
Theme=3
FontSize=18.000000
pos=100,100
size=1280,800
Maximized=0

